<!DOCTYPE html>
<!-- Generated by pkgdown: do not edit by hand --><html lang="en"><head><meta http-equiv="Content-Type" content="text/html; charset=UTF-8"><meta charset="utf-8"><meta http-equiv="X-UA-Compatible" content="IE=edge"><meta name="viewport" content="width=device-width, initial-scale=1, shrink-to-fit=no"><title>SIR static model (age-heterogeneous, endemic equilibrium) — sir_static_model • serosv</title><script src="../deps/jquery-3.6.0/jquery-3.6.0.min.js"></script><meta name="viewport" content="width=device-width, initial-scale=1, shrink-to-fit=no"><link href="../deps/bootstrap-5.3.1/bootstrap.min.css" rel="stylesheet"><script src="../deps/bootstrap-5.3.1/bootstrap.bundle.min.js"></script><link href="../deps/font-awesome-6.4.2/css/all.min.css" rel="stylesheet"><link href="../deps/font-awesome-6.4.2/css/v4-shims.min.css" rel="stylesheet"><script src="../deps/headroom-0.11.0/headroom.min.js"></script><script src="../deps/headroom-0.11.0/jQuery.headroom.min.js"></script><script src="../deps/bootstrap-toc-1.0.1/bootstrap-toc.min.js"></script><script src="../deps/clipboard.js-2.0.11/clipboard.min.js"></script><script src="../deps/search-1.0.0/autocomplete.jquery.min.js"></script><script src="../deps/search-1.0.0/fuse.min.js"></script><script src="../deps/search-1.0.0/mark.min.js"></script><!-- pkgdown --><script src="../pkgdown.js"></script><meta property="og:title" content="SIR static model (age-heterogeneous, endemic equilibrium) — sir_static_model"><meta name="description" content="Refers to section 3.2.2."><meta property="og:description" content="Refers to section 3.2.2."></head><body>
    <a href="#main" class="visually-hidden-focusable">Skip to contents</a>


    <nav class="navbar navbar-expand-lg fixed-top bg-light" data-bs-theme="light" aria-label="Site navigation"><div class="container">

    <a class="navbar-brand me-2" href="../index.html">serosv</a>

    <small class="nav-text text-muted me-auto" data-bs-toggle="tooltip" data-bs-placement="bottom" title="">1.0.0</small>


    <button class="navbar-toggler" type="button" data-bs-toggle="collapse" data-bs-target="#navbar" aria-controls="navbar" aria-expanded="false" aria-label="Toggle navigation">
      <span class="navbar-toggler-icon"></span>
    </button>

    <div id="navbar" class="collapse navbar-collapse ms-3">
      <ul class="navbar-nav me-auto"><li class="active nav-item"><a class="nav-link" href="../reference/index.html">Reference</a></li>
<li class="nav-item dropdown">
  <button class="nav-link dropdown-toggle" type="button" id="dropdown-articles" data-bs-toggle="dropdown" aria-expanded="false" aria-haspopup="true">Articles</button>
  <ul class="dropdown-menu" aria-labelledby="dropdown-articles"><li><a class="dropdown-item" href="../articles/sir_model.html">SIR model</a></li>
    <li><a class="dropdown-item" href="../articles/parametric_model.html">Parametric models</a></li>
    <li><a class="dropdown-item" href="../articles/nonparametric_model.html">Nonparametric model</a></li>
    <li><a class="dropdown-item" href="../articles/semiparametric_model.html">Semiparametric model</a></li>
    <li><a class="dropdown-item" href="../articles/hierarchical_model.html">Hierarchical Bayesian models</a></li>
    <li><a class="dropdown-item" href="../articles/model_quantitative_data.html">Modeling directly from antibody levels</a></li>
    <li><hr class="dropdown-divider"></li>
    <li><h6 class="dropdown-header" data-toc-skip>Utilities</h6></li>
    <li><a class="dropdown-item" href="../articles/data_transformation.html">Data transformation</a></li>
    <li><a class="dropdown-item" href="../articles/visualizing_model.html">Model visualization</a></li>
  </ul></li>
<li class="nav-item"><a class="nav-link" href="../news/index.html">Changelog</a></li>
      </ul><ul class="navbar-nav"><li class="nav-item"><form class="form-inline" role="search">
 <input class="form-control" type="search" name="search-input" id="search-input" autocomplete="off" aria-label="Search site" placeholder="Search for" data-search-index="../search.json"></form></li>
<li class="nav-item"><a class="external-link nav-link" href="https://github.com/OUCRU-Modelling/serosv/" aria-label="GitHub"><span class="fa fab fa-github fa-lg"></span></a></li>
      </ul></div>


  </div>
</nav><div class="container template-reference-topic">
<div class="row">
  <main id="main" class="col-md-9"><div class="page-header">

      <h1>SIR static model (age-heterogeneous, endemic equilibrium)</h1>
      <small class="dont-index">Source: <a href="https://github.com/OUCRU-Modelling/serosv/blob/v1.0.0/R/sir_static_model.R" class="external-link"><code>R/sir_static_model.R</code></a></small>
      <div class="d-none name"><code>sir_static_model.Rd</code></div>
    </div>

    <div class="ref-description section level2">
    <p>Refers to section 3.2.2.</p>
    </div>

    <div class="section level2">
    <h2 id="ref-usage">Usage<a class="anchor" aria-label="anchor" href="#ref-usage"></a></h2>
    <div class="sourceCode"><pre class="sourceCode r"><code><span><span class="fu">sir_static_model</span><span class="op">(</span><span class="va">a</span>, <span class="va">state</span>, <span class="va">parameters</span><span class="op">)</span></span></code></pre></div>
    </div>

    <div class="section level2">
    <h2 id="arguments">Arguments<a class="anchor" aria-label="anchor" href="#arguments"></a></h2>


<dl><dt id="arg-a">a<a class="anchor" aria-label="anchor" href="#arg-a"></a></dt>
<dd><p>age sequence.</p></dd>


<dt id="arg-state">state<a class="anchor" aria-label="anchor" href="#arg-state"></a></dt>
<dd><p>the initial state of the system.</p></dd>


<dt id="arg-parameters">parameters<a class="anchor" aria-label="anchor" href="#arg-parameters"></a></dt>
<dd><p>the model's parameter.</p></dd>

</dl></div>
    <div class="section level2">
    <h2 id="value">Value<a class="anchor" aria-label="anchor" href="#value"></a></h2>
    <p>sir_static_model object</p>
    </div>
    <div class="section level2">
    <h2 id="details">Details<a class="anchor" aria-label="anchor" href="#details"></a></h2>
    <p>In <code>state</code>:</p>
<p>- <code>s</code>: proportion susceptible</p>
<p>- <code>i</code>: proportion infected</p>
<p>- <code>r</code>: proportion recovered</p>
<p>In <code>parameters</code>:</p>
<p>- <code>lambda</code>: natural death rate</p>
<p>- <code>nu</code>: recovery rate</p>
    </div>

    <div class="section level2">
    <h2 id="ref-examples">Examples<a class="anchor" aria-label="anchor" href="#ref-examples"></a></h2>
    <div class="sourceCode"><pre class="sourceCode r"><code><span class="r-in"><span><span class="va">state</span> <span class="op">&lt;-</span> <span class="fu"><a href="https://rdrr.io/r/base/c.html" class="external-link">c</a></span><span class="op">(</span>s<span class="op">=</span><span class="fl">0.99</span>,i<span class="op">=</span><span class="fl">0.01</span>,r<span class="op">=</span><span class="fl">0</span><span class="op">)</span></span></span>
<span class="r-in"><span><span class="va">parameters</span> <span class="op">&lt;-</span> <span class="fu"><a href="https://rdrr.io/r/base/c.html" class="external-link">c</a></span><span class="op">(</span></span></span>
<span class="r-in"><span>  lambda <span class="op">=</span> <span class="fl">0.05</span>,</span></span>
<span class="r-in"><span>  nu<span class="op">=</span><span class="fl">1</span><span class="op">/</span><span class="op">(</span><span class="fl">14</span><span class="op">/</span><span class="fl">365</span><span class="op">)</span> <span class="co"># 2 weeks to recover</span></span></span>
<span class="r-in"><span><span class="op">)</span></span></span>
<span class="r-in"><span><span class="va">ages</span><span class="op">&lt;-</span><span class="fu"><a href="https://rdrr.io/r/base/seq.html" class="external-link">seq</a></span><span class="op">(</span><span class="fl">0</span>, <span class="fl">90</span>, by<span class="op">=</span><span class="fl">0.01</span><span class="op">)</span></span></span>
<span class="r-in"><span><span class="va">model</span> <span class="op">=</span> <span class="fu">sir_static_model</span><span class="op">(</span><span class="va">ages</span>, <span class="va">state</span>, <span class="va">parameters</span><span class="op">)</span></span></span>
<span class="r-in"><span><span class="va">model</span></span></span>
<span class="r-out co"><span class="r-pr">#&gt;</span> $parameters</span>
<span class="r-out co"><span class="r-pr">#&gt;</span>   lambda       nu </span>
<span class="r-out co"><span class="r-pr">#&gt;</span>  0.05000 26.07143 </span>
<span class="r-out co"><span class="r-pr">#&gt;</span> </span>
<span class="r-out co"><span class="r-pr">#&gt;</span> $output</span>
<span class="r-out co"><span class="r-pr">#&gt;</span>       time          s            i           r</span>
<span class="r-out co"><span class="r-pr">#&gt;</span> 1     0.00 0.99000000 1.000000e-02 0.000000000</span>
<span class="r-out co"><span class="r-pr">#&gt;</span> 2     0.01 0.98950512 8.139822e-03 0.002355054</span>
<span class="r-out co"><span class="r-pr">#&gt;</span> 3     0.02 0.98901049 6.708036e-03 0.004281469</span>
<span class="r-out co"><span class="r-pr">#&gt;</span> 4     0.03 0.98851611 5.603950e-03 0.005879937</span>
<span class="r-out co"><span class="r-pr">#&gt;</span> 5     0.04 0.98802198 4.752794e-03 0.007225227</span>
<span class="r-out co"><span class="r-pr">#&gt;</span> 6     0.05 0.98752809 4.096558e-03 0.008375351</span>
<span class="r-out co"><span class="r-pr">#&gt;</span> 7     0.06 0.98703445 3.590872e-03 0.009374678</span>
<span class="r-out co"><span class="r-pr">#&gt;</span> 8     0.07 0.98654106 3.201102e-03 0.010257841</span>
<span class="r-out co"><span class="r-pr">#&gt;</span> 9     0.08 0.98604791 2.900525e-03 0.011051565</span>
<span class="r-out co"><span class="r-pr">#&gt;</span> 10    0.09 0.98555501 2.668724e-03 0.011776268</span>
<span class="r-out co"><span class="r-pr">#&gt;</span> 11    0.10 0.98506235 2.489909e-03 0.012447737</span>
<span class="r-out co"><span class="r-pr">#&gt;</span> 12    0.11 0.98456995 2.351916e-03 0.013078137</span>
<span class="r-out co"><span class="r-pr">#&gt;</span> 13    0.12 0.98407778 2.245378e-03 0.013676837</span>
<span class="r-out co"><span class="r-pr">#&gt;</span> 14    0.13 0.98358587 2.163076e-03 0.014251056</span>
<span class="r-out co"><span class="r-pr">#&gt;</span> 15    0.14 0.98309420 2.099446e-03 0.014806355</span>
<span class="r-out co"><span class="r-pr">#&gt;</span> 16    0.15 0.98260277 2.050204e-03 0.015347022</span>
<span class="r-out co"><span class="r-pr">#&gt;</span> 17    0.16 0.98211160 2.012047e-03 0.015876357</span>
<span class="r-out co"><span class="r-pr">#&gt;</span> 18    0.17 0.98162066 1.982432e-03 0.016396906</span>
<span class="r-out co"><span class="r-pr">#&gt;</span> 19    0.18 0.98112997 1.959397e-03 0.016910628</span>
<span class="r-out co"><span class="r-pr">#&gt;</span> 20    0.19 0.98063953 1.941438e-03 0.017419030</span>
<span class="r-out co"><span class="r-pr">#&gt;</span> 21    0.20 0.98014934 1.927389e-03 0.017923276</span>
<span class="r-out co"><span class="r-pr">#&gt;</span> 22    0.21 0.97965938 1.916345e-03 0.018424271</span>
<span class="r-out co"><span class="r-pr">#&gt;</span> 23    0.22 0.97916968 1.907612e-03 0.018922712</span>
<span class="r-out co"><span class="r-pr">#&gt;</span> 24    0.23 0.97868021 1.900660e-03 0.019419127</span>
<span class="r-out co"><span class="r-pr">#&gt;</span> 25    0.24 0.97819100 1.895079e-03 0.019913926</span>
<span class="r-out co"><span class="r-pr">#&gt;</span> 26    0.25 0.97770202 1.890571e-03 0.020407406</span>
<span class="r-out co"><span class="r-pr">#&gt;</span> 27    0.26 0.97721329 1.886886e-03 0.020899820</span>
<span class="r-out co"><span class="r-pr">#&gt;</span> 28    0.27 0.97672481 1.883834e-03 0.021391357</span>
<span class="r-out co"><span class="r-pr">#&gt;</span> 29    0.28 0.97623657 1.881269e-03 0.021882162</span>
<span class="r-out co"><span class="r-pr">#&gt;</span> 30    0.29 0.97574857 1.879079e-03 0.022372348</span>
<span class="r-out co"><span class="r-pr">#&gt;</span> 31    0.30 0.97526082 1.877178e-03 0.022862001</span>
<span class="r-out co"><span class="r-pr">#&gt;</span> 32    0.31 0.97477331 1.875500e-03 0.023351189</span>
<span class="r-out co"><span class="r-pr">#&gt;</span> 33    0.32 0.97428605 1.873993e-03 0.023839961</span>
<span class="r-out co"><span class="r-pr">#&gt;</span> 34    0.33 0.97379903 1.872617e-03 0.024328357</span>
<span class="r-out co"><span class="r-pr">#&gt;</span> 35    0.34 0.97331225 1.871344e-03 0.024816409</span>
<span class="r-out co"><span class="r-pr">#&gt;</span> 36    0.35 0.97282571 1.870148e-03 0.025304138</span>
<span class="r-out co"><span class="r-pr">#&gt;</span> 37    0.36 0.97233942 1.869014e-03 0.025791565</span>
<span class="r-out co"><span class="r-pr">#&gt;</span> 38    0.37 0.97185337 1.867925e-03 0.026278701</span>
<span class="r-out co"><span class="r-pr">#&gt;</span> 39    0.38 0.97136757 1.866873e-03 0.026765558</span>
<span class="r-out co"><span class="r-pr">#&gt;</span> 40    0.39 0.97088201 1.865849e-03 0.027252145</span>
<span class="r-out co"><span class="r-pr">#&gt;</span> 41    0.40 0.97039669 1.864846e-03 0.027738468</span>
<span class="r-out co"><span class="r-pr">#&gt;</span> 42    0.41 0.96991161 1.863860e-03 0.028224531</span>
<span class="r-out co"><span class="r-pr">#&gt;</span> 43    0.42 0.96942677 1.862886e-03 0.028710339</span>
<span class="r-out co"><span class="r-pr">#&gt;</span> 44    0.43 0.96894218 1.861923e-03 0.029195894</span>
<span class="r-out co"><span class="r-pr">#&gt;</span> 45    0.44 0.96845783 1.860968e-03 0.029681200</span>
<span class="r-out co"><span class="r-pr">#&gt;</span> 46    0.45 0.96797372 1.860019e-03 0.030166257</span>
<span class="r-out co"><span class="r-pr">#&gt;</span> 47    0.46 0.96748986 1.859074e-03 0.030651067</span>
<span class="r-out co"><span class="r-pr">#&gt;</span> 48    0.47 0.96700623 1.858134e-03 0.031135632</span>
<span class="r-out co"><span class="r-pr">#&gt;</span> 49    0.48 0.96652285 1.857196e-03 0.031619952</span>
<span class="r-out co"><span class="r-pr">#&gt;</span> 50    0.49 0.96603971 1.856261e-03 0.032104028</span>
<span class="r-out co"><span class="r-pr">#&gt;</span> 51    0.50 0.96555681 1.855328e-03 0.032587860</span>
<span class="r-out co"><span class="r-pr">#&gt;</span> 52    0.51 0.96507415 1.854396e-03 0.033071449</span>
<span class="r-out co"><span class="r-pr">#&gt;</span> 53    0.52 0.96459174 1.853466e-03 0.033554795</span>
<span class="r-out co"><span class="r-pr">#&gt;</span> 54    0.53 0.96410956 1.852538e-03 0.034037900</span>
<span class="r-out co"><span class="r-pr">#&gt;</span> 55    0.54 0.96362763 1.851610e-03 0.034520762</span>
<span class="r-out co"><span class="r-pr">#&gt;</span> 56    0.55 0.96314594 1.850683e-03 0.035003382</span>
<span class="r-out co"><span class="r-pr">#&gt;</span> 57    0.56 0.96266448 1.849757e-03 0.035485761</span>
<span class="r-out co"><span class="r-pr">#&gt;</span> 58    0.57 0.96218327 1.848831e-03 0.035967898</span>
<span class="r-out co"><span class="r-pr">#&gt;</span> 59    0.58 0.96170230 1.847906e-03 0.036449794</span>
<span class="r-out co"><span class="r-pr">#&gt;</span> 60    0.59 0.96122157 1.846982e-03 0.036931450</span>
<span class="r-out co"><span class="r-pr">#&gt;</span> 61    0.60 0.96074108 1.846059e-03 0.037412864</span>
<span class="r-out co"><span class="r-pr">#&gt;</span> 62    0.61 0.96026083 1.845136e-03 0.037894037</span>
<span class="r-out co"><span class="r-pr">#&gt;</span> 63    0.62 0.95978082 1.844213e-03 0.038374970</span>
<span class="r-out co"><span class="r-pr">#&gt;</span> 64    0.63 0.95930105 1.843291e-03 0.038855663</span>
<span class="r-out co"><span class="r-pr">#&gt;</span> 65    0.64 0.95882152 1.842369e-03 0.039336115</span>
<span class="r-out co"><span class="r-pr">#&gt;</span> 66    0.65 0.95834222 1.841448e-03 0.039816327</span>
<span class="r-out co"><span class="r-pr">#&gt;</span> 67    0.66 0.95786317 1.840528e-03 0.040296299</span>
<span class="r-out co"><span class="r-pr">#&gt;</span> 68    0.67 0.95738436 1.839608e-03 0.040776031</span>
<span class="r-out co"><span class="r-pr">#&gt;</span> 69    0.68 0.95690579 1.838688e-03 0.041255523</span>
<span class="r-out co"><span class="r-pr">#&gt;</span> 70    0.69 0.95642746 1.837769e-03 0.041734776</span>
<span class="r-out co"><span class="r-pr">#&gt;</span> 71    0.70 0.95594936 1.836850e-03 0.042213789</span>
<span class="r-out co"><span class="r-pr">#&gt;</span> 72    0.71 0.95547151 1.835932e-03 0.042692562</span>
<span class="r-out co"><span class="r-pr">#&gt;</span> 73    0.72 0.95499389 1.835014e-03 0.043171096</span>
<span class="r-out co"><span class="r-pr">#&gt;</span> 74    0.73 0.95451651 1.834097e-03 0.043649391</span>
<span class="r-out co"><span class="r-pr">#&gt;</span> 75    0.74 0.95403937 1.833180e-03 0.044127447</span>
<span class="r-out co"><span class="r-pr">#&gt;</span> 76    0.75 0.95356247 1.832264e-03 0.044605264</span>
<span class="r-out co"><span class="r-pr">#&gt;</span> 77    0.76 0.95308581 1.831348e-03 0.045082842</span>
<span class="r-out co"><span class="r-pr">#&gt;</span> 78    0.77 0.95260939 1.830433e-03 0.045560181</span>
<span class="r-out co"><span class="r-pr">#&gt;</span> 79    0.78 0.95213320 1.829518e-03 0.046037282</span>
<span class="r-out co"><span class="r-pr">#&gt;</span> 80    0.79 0.95165725 1.828603e-03 0.046514144</span>
<span class="r-out co"><span class="r-pr">#&gt;</span> 81    0.80 0.95118154 1.827689e-03 0.046990768</span>
<span class="r-out co"><span class="r-pr">#&gt;</span> 82    0.81 0.95070607 1.826775e-03 0.047467153</span>
<span class="r-out co"><span class="r-pr">#&gt;</span> 83    0.82 0.95023084 1.825862e-03 0.047943300</span>
<span class="r-out co"><span class="r-pr">#&gt;</span> 84    0.83 0.94975584 1.824949e-03 0.048419210</span>
<span class="r-out co"><span class="r-pr">#&gt;</span> 85    0.84 0.94928108 1.824037e-03 0.048894881</span>
<span class="r-out co"><span class="r-pr">#&gt;</span> 86    0.85 0.94880656 1.823125e-03 0.049370315</span>
<span class="r-out co"><span class="r-pr">#&gt;</span> 87    0.86 0.94833227 1.822214e-03 0.049845511</span>
<span class="r-out co"><span class="r-pr">#&gt;</span> 88    0.87 0.94785823 1.821303e-03 0.050320470</span>
<span class="r-out co"><span class="r-pr">#&gt;</span> 89    0.88 0.94738442 1.820393e-03 0.050795191</span>
<span class="r-out co"><span class="r-pr">#&gt;</span> 90    0.89 0.94691084 1.819483e-03 0.051269675</span>
<span class="r-out co"><span class="r-pr">#&gt;</span> 91    0.90 0.94643751 1.818573e-03 0.051743921</span>
<span class="r-out co"><span class="r-pr">#&gt;</span> 92    0.91 0.94596441 1.817664e-03 0.052217931</span>
<span class="r-out co"><span class="r-pr">#&gt;</span> 93    0.92 0.94549154 1.816756e-03 0.052691703</span>
<span class="r-out co"><span class="r-pr">#&gt;</span> 94    0.93 0.94501891 1.815847e-03 0.053165239</span>
<span class="r-out co"><span class="r-pr">#&gt;</span> 95    0.94 0.94454652 1.814940e-03 0.053638538</span>
<span class="r-out co"><span class="r-pr">#&gt;</span> 96    0.95 0.94407437 1.814033e-03 0.054111601</span>
<span class="r-out co"><span class="r-pr">#&gt;</span> 97    0.96 0.94360245 1.813126e-03 0.054584427</span>
<span class="r-out co"><span class="r-pr">#&gt;</span> 98    0.97 0.94313076 1.812219e-03 0.055057016</span>
<span class="r-out co"><span class="r-pr">#&gt;</span> 99    0.98 0.94265932 1.811314e-03 0.055529370</span>
<span class="r-out co"><span class="r-pr">#&gt;</span> 100   0.99 0.94218810 1.810408e-03 0.056001487</span>
<span class="r-out co"><span class="r-pr">#&gt;</span> 101   1.00 0.94171713 1.809503e-03 0.056473368</span>
<span class="r-out co"><span class="r-pr">#&gt;</span> 102   1.01 0.94124639 1.808599e-03 0.056945014</span>
<span class="r-out co"><span class="r-pr">#&gt;</span> 103   1.02 0.94077588 1.807695e-03 0.057416423</span>
<span class="r-out co"><span class="r-pr">#&gt;</span> 104   1.03 0.94030561 1.806791e-03 0.057887597</span>
<span class="r-out co"><span class="r-pr">#&gt;</span> 105   1.04 0.93983558 1.805888e-03 0.058358536</span>
<span class="r-out co"><span class="r-pr">#&gt;</span> 106   1.05 0.93936578 1.804985e-03 0.058829239</span>
<span class="r-out co"><span class="r-pr">#&gt;</span> 107   1.06 0.93889621 1.804083e-03 0.059299707</span>
<span class="r-out co"><span class="r-pr">#&gt;</span> 108   1.07 0.93842688 1.803181e-03 0.059769939</span>
<span class="r-out co"><span class="r-pr">#&gt;</span> 109   1.08 0.93795778 1.802280e-03 0.060239937</span>
<span class="r-out co"><span class="r-pr">#&gt;</span> 110   1.09 0.93748892 1.801379e-03 0.060709699</span>
<span class="r-out co"><span class="r-pr">#&gt;</span> 111   1.10 0.93702029 1.800478e-03 0.061179227</span>
<span class="r-out co"><span class="r-pr">#&gt;</span> 112   1.11 0.93655190 1.799578e-03 0.061648520</span>
<span class="r-out co"><span class="r-pr">#&gt;</span> 113   1.12 0.93608374 1.798679e-03 0.062117579</span>
<span class="r-out co"><span class="r-pr">#&gt;</span> 114   1.13 0.93561582 1.797780e-03 0.062586403</span>
<span class="r-out co"><span class="r-pr">#&gt;</span> 115   1.14 0.93514813 1.796881e-03 0.063054992</span>
<span class="r-out co"><span class="r-pr">#&gt;</span> 116   1.15 0.93468067 1.795983e-03 0.063523348</span>
<span class="r-out co"><span class="r-pr">#&gt;</span> 117   1.16 0.93421345 1.795085e-03 0.063991469</span>
<span class="r-out co"><span class="r-pr">#&gt;</span> 118   1.17 0.93374646 1.794188e-03 0.064459356</span>
<span class="r-out co"><span class="r-pr">#&gt;</span> 119   1.18 0.93327970 1.793291e-03 0.064927010</span>
<span class="r-out co"><span class="r-pr">#&gt;</span> 120   1.19 0.93281318 1.792394e-03 0.065394430</span>
<span class="r-out co"><span class="r-pr">#&gt;</span> 121   1.20 0.93234689 1.791498e-03 0.065861615</span>
<span class="r-out co"><span class="r-pr">#&gt;</span> 122   1.21 0.93188083 1.790603e-03 0.066328568</span>
<span class="r-out co"><span class="r-pr">#&gt;</span> 123   1.22 0.93141501 1.789708e-03 0.066795287</span>
<span class="r-out co"><span class="r-pr">#&gt;</span> 124   1.23 0.93094941 1.788813e-03 0.067261773</span>
<span class="r-out co"><span class="r-pr">#&gt;</span> 125   1.24 0.93048406 1.787919e-03 0.067728025</span>
<span class="r-out co"><span class="r-pr">#&gt;</span> 126   1.25 0.93001893 1.787025e-03 0.068194045</span>
<span class="r-out co"><span class="r-pr">#&gt;</span> 127   1.26 0.92955404 1.786132e-03 0.068659831</span>
<span class="r-out co"><span class="r-pr">#&gt;</span> 128   1.27 0.92908938 1.785239e-03 0.069125385</span>
<span class="r-out co"><span class="r-pr">#&gt;</span> 129   1.28 0.92862495 1.784347e-03 0.069590706</span>
<span class="r-out co"><span class="r-pr">#&gt;</span> 130   1.29 0.92816075 1.783455e-03 0.070055794</span>
<span class="r-out co"><span class="r-pr">#&gt;</span> 131   1.30 0.92769679 1.782563e-03 0.070520650</span>
<span class="r-out co"><span class="r-pr">#&gt;</span> 132   1.31 0.92723305 1.781672e-03 0.070985274</span>
<span class="r-out co"><span class="r-pr">#&gt;</span> 133   1.32 0.92676955 1.780781e-03 0.071449665</span>
<span class="r-out co"><span class="r-pr">#&gt;</span> 134   1.33 0.92630628 1.779891e-03 0.071913824</span>
<span class="r-out co"><span class="r-pr">#&gt;</span> 135   1.34 0.92584325 1.779002e-03 0.072377751</span>
<span class="r-out co"><span class="r-pr">#&gt;</span> 136   1.35 0.92538044 1.778112e-03 0.072841447</span>
<span class="r-out co"><span class="r-pr">#&gt;</span> 137   1.36 0.92491787 1.777223e-03 0.073304910</span>
<span class="r-out co"><span class="r-pr">#&gt;</span> 138   1.37 0.92445552 1.776335e-03 0.073768142</span>
<span class="r-out co"><span class="r-pr">#&gt;</span> 139   1.38 0.92399341 1.775447e-03 0.074231142</span>
<span class="r-out co"><span class="r-pr">#&gt;</span> 140   1.39 0.92353153 1.774560e-03 0.074693911</span>
<span class="r-out co"><span class="r-pr">#&gt;</span> 141   1.40 0.92306988 1.773673e-03 0.075156448</span>
<span class="r-out co"><span class="r-pr">#&gt;</span> 142   1.41 0.92260846 1.772786e-03 0.075618754</span>
<span class="r-out co"><span class="r-pr">#&gt;</span> 143   1.42 0.92214727 1.771900e-03 0.076080829</span>
<span class="r-out co"><span class="r-pr">#&gt;</span> 144   1.43 0.92168631 1.771014e-03 0.076542674</span>
<span class="r-out co"><span class="r-pr">#&gt;</span> 145   1.44 0.92122558 1.770129e-03 0.077004287</span>
<span class="r-out co"><span class="r-pr">#&gt;</span> 146   1.45 0.92076509 1.769244e-03 0.077465669</span>
<span class="r-out co"><span class="r-pr">#&gt;</span> 147   1.46 0.92030482 1.768360e-03 0.077926821</span>
<span class="r-out co"><span class="r-pr">#&gt;</span> 148   1.47 0.91984478 1.767476e-03 0.078387743</span>
<span class="r-out co"><span class="r-pr">#&gt;</span> 149   1.48 0.91938497 1.766592e-03 0.078848434</span>
<span class="r-out co"><span class="r-pr">#&gt;</span> 150   1.49 0.91892540 1.765709e-03 0.079308894</span>
<span class="r-out co"><span class="r-pr">#&gt;</span> 151   1.50 0.91846605 1.764826e-03 0.079769125</span>
<span class="r-out co"><span class="r-pr">#&gt;</span> 152   1.51 0.91800693 1.763944e-03 0.080229125</span>
<span class="r-out co"><span class="r-pr">#&gt;</span> 153   1.52 0.91754804 1.763062e-03 0.080688896</span>
<span class="r-out co"><span class="r-pr">#&gt;</span> 154   1.53 0.91708938 1.762181e-03 0.081148436</span>
<span class="r-out co"><span class="r-pr">#&gt;</span> 155   1.54 0.91663095 1.761300e-03 0.081607747</span>
<span class="r-out co"><span class="r-pr">#&gt;</span> 156   1.55 0.91617275 1.760420e-03 0.082066829</span>
<span class="r-out co"><span class="r-pr">#&gt;</span> 157   1.56 0.91571478 1.759540e-03 0.082525681</span>
<span class="r-out co"><span class="r-pr">#&gt;</span> 158   1.57 0.91525704 1.758660e-03 0.082984303</span>
<span class="r-out co"><span class="r-pr">#&gt;</span> 159   1.58 0.91479952 1.757781e-03 0.083442696</span>
<span class="r-out co"><span class="r-pr">#&gt;</span> 160   1.59 0.91434224 1.756902e-03 0.083900860</span>
<span class="r-out co"><span class="r-pr">#&gt;</span> 161   1.60 0.91388518 1.756024e-03 0.084358796</span>
<span class="r-out co"><span class="r-pr">#&gt;</span> 162   1.61 0.91342835 1.755146e-03 0.084816502</span>
<span class="r-out co"><span class="r-pr">#&gt;</span> 163   1.62 0.91297175 1.754269e-03 0.085273979</span>
<span class="r-out co"><span class="r-pr">#&gt;</span> 164   1.63 0.91251538 1.753392e-03 0.085731228</span>
<span class="r-out co"><span class="r-pr">#&gt;</span> 165   1.64 0.91205924 1.752516e-03 0.086188248</span>
<span class="r-out co"><span class="r-pr">#&gt;</span> 166   1.65 0.91160332 1.751640e-03 0.086645040</span>
<span class="r-out co"><span class="r-pr">#&gt;</span> 167   1.66 0.91114763 1.750764e-03 0.087101603</span>
<span class="r-out co"><span class="r-pr">#&gt;</span> 168   1.67 0.91069217 1.749889e-03 0.087557938</span>
<span class="r-out co"><span class="r-pr">#&gt;</span> 169   1.68 0.91023694 1.749014e-03 0.088014045</span>
<span class="r-out co"><span class="r-pr">#&gt;</span> 170   1.69 0.90978194 1.748140e-03 0.088469924</span>
<span class="r-out co"><span class="r-pr">#&gt;</span> 171   1.70 0.90932716 1.747266e-03 0.088925575</span>
<span class="r-out co"><span class="r-pr">#&gt;</span> 172   1.71 0.90887261 1.746393e-03 0.089380999</span>
<span class="r-out co"><span class="r-pr">#&gt;</span> 173   1.72 0.90841829 1.745520e-03 0.089836194</span>
<span class="r-out co"><span class="r-pr">#&gt;</span> 174   1.73 0.90796419 1.744647e-03 0.090291163</span>
<span class="r-out co"><span class="r-pr">#&gt;</span> 175   1.74 0.90751032 1.743775e-03 0.090745903</span>
<span class="r-out co"><span class="r-pr">#&gt;</span> 176   1.75 0.90705668 1.742903e-03 0.091200417</span>
<span class="r-out co"><span class="r-pr">#&gt;</span> 177   1.76 0.90660326 1.742032e-03 0.091654703</span>
<span class="r-out co"><span class="r-pr">#&gt;</span> 178   1.77 0.90615008 1.741161e-03 0.092108762</span>
<span class="r-out co"><span class="r-pr">#&gt;</span> 179   1.78 0.90569711 1.740291e-03 0.092562594</span>
<span class="r-out co"><span class="r-pr">#&gt;</span> 180   1.79 0.90524438 1.739421e-03 0.093016200</span>
<span class="r-out co"><span class="r-pr">#&gt;</span> 181   1.80 0.90479187 1.738551e-03 0.093469578</span>
<span class="r-out co"><span class="r-pr">#&gt;</span> 182   1.81 0.90433959 1.737682e-03 0.093922730</span>
<span class="r-out co"><span class="r-pr">#&gt;</span> 183   1.82 0.90388753 1.736814e-03 0.094375655</span>
<span class="r-out co"><span class="r-pr">#&gt;</span> 184   1.83 0.90343570 1.735946e-03 0.094828354</span>
<span class="r-out co"><span class="r-pr">#&gt;</span> 185   1.84 0.90298409 1.735078e-03 0.095280827</span>
<span class="r-out co"><span class="r-pr">#&gt;</span> 186   1.85 0.90253272 1.734211e-03 0.095733074</span>
<span class="r-out co"><span class="r-pr">#&gt;</span> 187   1.86 0.90208156 1.733344e-03 0.096185094</span>
<span class="r-out co"><span class="r-pr">#&gt;</span> 188   1.87 0.90163063 1.732477e-03 0.096636889</span>
<span class="r-out co"><span class="r-pr">#&gt;</span> 189   1.88 0.90117993 1.731611e-03 0.097088457</span>
<span class="r-out co"><span class="r-pr">#&gt;</span> 190   1.89 0.90072945 1.730746e-03 0.097539800</span>
<span class="r-out co"><span class="r-pr">#&gt;</span> 191   1.90 0.90027920 1.729880e-03 0.097990918</span>
<span class="r-out co"><span class="r-pr">#&gt;</span> 192   1.91 0.89982917 1.729016e-03 0.098441809</span>
<span class="r-out co"><span class="r-pr">#&gt;</span> 193   1.92 0.89937937 1.728151e-03 0.098892476</span>
<span class="r-out co"><span class="r-pr">#&gt;</span> 194   1.93 0.89892980 1.727288e-03 0.099342917</span>
<span class="r-out co"><span class="r-pr">#&gt;</span> 195   1.94 0.89848044 1.726424e-03 0.099793133</span>
<span class="r-out co"><span class="r-pr">#&gt;</span> 196   1.95 0.89803131 1.725561e-03 0.100243124</span>
<span class="r-out co"><span class="r-pr">#&gt;</span> 197   1.96 0.89758241 1.724699e-03 0.100692890</span>
<span class="r-out co"><span class="r-pr">#&gt;</span> 198   1.97 0.89713373 1.723836e-03 0.101142431</span>
<span class="r-out co"><span class="r-pr">#&gt;</span> 199   1.98 0.89668528 1.722975e-03 0.101591748</span>
<span class="r-out co"><span class="r-pr">#&gt;</span> 200   1.99 0.89623705 1.722113e-03 0.102040840</span>
<span class="r-out co"><span class="r-pr">#&gt;</span> 201   2.00 0.89578904 1.721253e-03 0.102489707</span>
<span class="r-out co"><span class="r-pr">#&gt;</span> 202   2.01 0.89534126 1.720392e-03 0.102938350</span>
<span class="r-out co"><span class="r-pr">#&gt;</span> 203   2.02 0.89489370 1.719532e-03 0.103386769</span>
<span class="r-out co"><span class="r-pr">#&gt;</span> 204   2.03 0.89444636 1.718673e-03 0.103834963</span>
<span class="r-out co"><span class="r-pr">#&gt;</span> 205   2.04 0.89399925 1.717814e-03 0.104282934</span>
<span class="r-out co"><span class="r-pr">#&gt;</span> 206   2.05 0.89355236 1.716955e-03 0.104730680</span>
<span class="r-out co"><span class="r-pr">#&gt;</span> 207   2.06 0.89310570 1.716097e-03 0.105178203</span>
<span class="r-out co"><span class="r-pr">#&gt;</span> 208   2.07 0.89265926 1.715239e-03 0.105625502</span>
<span class="r-out co"><span class="r-pr">#&gt;</span> 209   2.08 0.89221304 1.714381e-03 0.106072578</span>
<span class="r-out co"><span class="r-pr">#&gt;</span> 210   2.09 0.89176705 1.713524e-03 0.106519430</span>
<span class="r-out co"><span class="r-pr">#&gt;</span> 211   2.10 0.89132127 1.712668e-03 0.106966058</span>
<span class="r-out co"><span class="r-pr">#&gt;</span> 212   2.11 0.89087572 1.711812e-03 0.107412464</span>
<span class="r-out co"><span class="r-pr">#&gt;</span> 213   2.12 0.89043040 1.710956e-03 0.107858646</span>
<span class="r-out co"><span class="r-pr">#&gt;</span> 214   2.13 0.88998529 1.710101e-03 0.108304605</span>
<span class="r-out co"><span class="r-pr">#&gt;</span> 215   2.14 0.88954041 1.709246e-03 0.108750341</span>
<span class="r-out co"><span class="r-pr">#&gt;</span> 216   2.15 0.88909575 1.708392e-03 0.109195855</span>
<span class="r-out co"><span class="r-pr">#&gt;</span> 217   2.16 0.88865132 1.707538e-03 0.109641146</span>
<span class="r-out co"><span class="r-pr">#&gt;</span> 218   2.17 0.88820710 1.706684e-03 0.110086214</span>
<span class="r-out co"><span class="r-pr">#&gt;</span> 219   2.18 0.88776311 1.705831e-03 0.110531060</span>
<span class="r-out co"><span class="r-pr">#&gt;</span> 220   2.19 0.88731934 1.704978e-03 0.110975683</span>
<span class="r-out co"><span class="r-pr">#&gt;</span> 221   2.20 0.88687579 1.704126e-03 0.111420084</span>
<span class="r-out co"><span class="r-pr">#&gt;</span> 222   2.21 0.88643246 1.703274e-03 0.111864263</span>
<span class="r-out co"><span class="r-pr">#&gt;</span> 223   2.22 0.88598936 1.702423e-03 0.112308220</span>
<span class="r-out co"><span class="r-pr">#&gt;</span> 224   2.23 0.88554647 1.701572e-03 0.112751955</span>
<span class="r-out co"><span class="r-pr">#&gt;</span> 225   2.24 0.88510381 1.700721e-03 0.113195468</span>
<span class="r-out co"><span class="r-pr">#&gt;</span> 226   2.25 0.88466137 1.699871e-03 0.113638759</span>
<span class="r-out co"><span class="r-pr">#&gt;</span> 227   2.26 0.88421915 1.699021e-03 0.114081829</span>
<span class="r-out co"><span class="r-pr">#&gt;</span> 228   2.27 0.88377715 1.698172e-03 0.114524678</span>
<span class="r-out co"><span class="r-pr">#&gt;</span> 229   2.28 0.88333537 1.697323e-03 0.114967305</span>
<span class="r-out co"><span class="r-pr">#&gt;</span> 230   2.29 0.88289382 1.696475e-03 0.115409710</span>
<span class="r-out co"><span class="r-pr">#&gt;</span> 231   2.30 0.88245248 1.695627e-03 0.115851895</span>
<span class="r-out co"><span class="r-pr">#&gt;</span> 232   2.31 0.88201136 1.694779e-03 0.116293858</span>
<span class="r-out co"><span class="r-pr">#&gt;</span> 233   2.32 0.88157047 1.693932e-03 0.116735601</span>
<span class="r-out co"><span class="r-pr">#&gt;</span> 234   2.33 0.88112979 1.693085e-03 0.117177123</span>
<span class="r-out co"><span class="r-pr">#&gt;</span> 235   2.34 0.88068934 1.692239e-03 0.117618424</span>
<span class="r-out co"><span class="r-pr">#&gt;</span> 236   2.35 0.88024910 1.691393e-03 0.118059505</span>
<span class="r-out co"><span class="r-pr">#&gt;</span> 237   2.36 0.87980909 1.690547e-03 0.118500365</span>
<span class="r-out co"><span class="r-pr">#&gt;</span> 238   2.37 0.87936929 1.689702e-03 0.118941004</span>
<span class="r-out co"><span class="r-pr">#&gt;</span> 239   2.38 0.87892972 1.688858e-03 0.119381424</span>
<span class="r-out co"><span class="r-pr">#&gt;</span> 240   2.39 0.87849036 1.688013e-03 0.119821623</span>
<span class="r-out co"><span class="r-pr">#&gt;</span> 241   2.40 0.87805123 1.687170e-03 0.120261602</span>
<span class="r-out co"><span class="r-pr">#&gt;</span> 242   2.41 0.87761231 1.686326e-03 0.120701361</span>
<span class="r-out co"><span class="r-pr">#&gt;</span> 243   2.42 0.87717362 1.685483e-03 0.121140901</span>
<span class="r-out co"><span class="r-pr">#&gt;</span> 244   2.43 0.87673514 1.684641e-03 0.121580221</span>
<span class="r-out co"><span class="r-pr">#&gt;</span> 245   2.44 0.87629688 1.683799e-03 0.122019321</span>
<span class="r-out co"><span class="r-pr">#&gt;</span> 246   2.45 0.87585884 1.682957e-03 0.122458201</span>
<span class="r-out co"><span class="r-pr">#&gt;</span> 247   2.46 0.87542102 1.682116e-03 0.122896863</span>
<span class="r-out co"><span class="r-pr">#&gt;</span> 248   2.47 0.87498342 1.681275e-03 0.123335305</span>
<span class="r-out co"><span class="r-pr">#&gt;</span> 249   2.48 0.87454604 1.680434e-03 0.123773527</span>
<span class="r-out co"><span class="r-pr">#&gt;</span> 250   2.49 0.87410887 1.679594e-03 0.124211531</span>
<span class="r-out co"><span class="r-pr">#&gt;</span> 251   2.50 0.87367193 1.678755e-03 0.124649316</span>
<span class="r-out co"><span class="r-pr">#&gt;</span> 252   2.51 0.87323520 1.677916e-03 0.125086882</span>
<span class="r-out co"><span class="r-pr">#&gt;</span> 253   2.52 0.87279869 1.677077e-03 0.125524229</span>
<span class="r-out co"><span class="r-pr">#&gt;</span> 254   2.53 0.87236240 1.676238e-03 0.125961358</span>
<span class="r-out co"><span class="r-pr">#&gt;</span> 255   2.54 0.87192633 1.675401e-03 0.126398268</span>
<span class="r-out co"><span class="r-pr">#&gt;</span> 256   2.55 0.87149048 1.674563e-03 0.126834960</span>
<span class="r-out co"><span class="r-pr">#&gt;</span> 257   2.56 0.87105484 1.673726e-03 0.127271433</span>
<span class="r-out co"><span class="r-pr">#&gt;</span> 258   2.57 0.87061942 1.672889e-03 0.127707688</span>
<span class="r-out co"><span class="r-pr">#&gt;</span> 259   2.58 0.87018422 1.672053e-03 0.128143725</span>
<span class="r-out co"><span class="r-pr">#&gt;</span> 260   2.59 0.86974924 1.671217e-03 0.128579545</span>
<span class="r-out co"><span class="r-pr">#&gt;</span> 261   2.60 0.86931447 1.670382e-03 0.129015146</span>
<span class="r-out co"><span class="r-pr">#&gt;</span> 262   2.61 0.86887992 1.669547e-03 0.129450529</span>
<span class="r-out co"><span class="r-pr">#&gt;</span> 263   2.62 0.86844559 1.668712e-03 0.129885695</span>
<span class="r-out co"><span class="r-pr">#&gt;</span> 264   2.63 0.86801148 1.667878e-03 0.130320644</span>
<span class="r-out co"><span class="r-pr">#&gt;</span> 265   2.64 0.86757758 1.667044e-03 0.130755375</span>
<span class="r-out co"><span class="r-pr">#&gt;</span> 266   2.65 0.86714390 1.666211e-03 0.131189889</span>
<span class="r-out co"><span class="r-pr">#&gt;</span> 267   2.66 0.86671044 1.665378e-03 0.131624185</span>
<span class="r-out co"><span class="r-pr">#&gt;</span> 268   2.67 0.86627719 1.664546e-03 0.132058264</span>
<span class="r-out co"><span class="r-pr">#&gt;</span> 269   2.68 0.86584416 1.663714e-03 0.132492127</span>
<span class="r-out co"><span class="r-pr">#&gt;</span> 270   2.69 0.86541135 1.662882e-03 0.132925772</span>
<span class="r-out co"><span class="r-pr">#&gt;</span> 271   2.70 0.86497875 1.662051e-03 0.133359201</span>
<span class="r-out co"><span class="r-pr">#&gt;</span> 272   2.71 0.86454637 1.661220e-03 0.133792413</span>
<span class="r-out co"><span class="r-pr">#&gt;</span> 273   2.72 0.86411420 1.660390e-03 0.134225409</span>
<span class="r-out co"><span class="r-pr">#&gt;</span> 274   2.73 0.86368225 1.659560e-03 0.134658188</span>
<span class="r-out co"><span class="r-pr">#&gt;</span> 275   2.74 0.86325052 1.658730e-03 0.135090751</span>
<span class="r-out co"><span class="r-pr">#&gt;</span> 276   2.75 0.86281900 1.657901e-03 0.135523097</span>
<span class="r-out co"><span class="r-pr">#&gt;</span> 277   2.76 0.86238770 1.657072e-03 0.135955228</span>
<span class="r-out co"><span class="r-pr">#&gt;</span> 278   2.77 0.86195661 1.656244e-03 0.136387142</span>
<span class="r-out co"><span class="r-pr">#&gt;</span> 279   2.78 0.86152574 1.655416e-03 0.136818841</span>
<span class="r-out co"><span class="r-pr">#&gt;</span> 280   2.79 0.86109509 1.654588e-03 0.137250323</span>
<span class="r-out co"><span class="r-pr">#&gt;</span> 281   2.80 0.86066465 1.653761e-03 0.137681590</span>
<span class="r-out co"><span class="r-pr">#&gt;</span> 282   2.81 0.86023442 1.652935e-03 0.138112642</span>
<span class="r-out co"><span class="r-pr">#&gt;</span> 283   2.82 0.85980441 1.652108e-03 0.138543478</span>
<span class="r-out co"><span class="r-pr">#&gt;</span> 284   2.83 0.85937462 1.651283e-03 0.138974098</span>
<span class="r-out co"><span class="r-pr">#&gt;</span> 285   2.84 0.85894504 1.650457e-03 0.139404504</span>
