<!DOCTYPE html>
<!-- Generated by pkgdown: do not edit by hand --><html lang="en"><head><meta http-equiv="Content-Type" content="text/html; charset=UTF-8"><meta charset="utf-8"><meta http-equiv="X-UA-Compatible" content="IE=edge"><meta name="viewport" content="width=device-width, initial-scale=1, shrink-to-fit=no"><meta name="description" content="Refers to section 3.4."><title>MSEIR model — mseir_model • serosv</title><!-- favicons --><link rel="icon" type="image/png" sizes="16x16" href="../favicon-16x16.png"><link rel="icon" type="image/png" sizes="32x32" href="../favicon-32x32.png"><link rel="apple-touch-icon" type="image/png" sizes="180x180" href="../apple-touch-icon.png"><link rel="apple-touch-icon" type="image/png" sizes="120x120" href="../apple-touch-icon-120x120.png"><link rel="apple-touch-icon" type="image/png" sizes="76x76" href="../apple-touch-icon-76x76.png"><link rel="apple-touch-icon" type="image/png" sizes="60x60" href="../apple-touch-icon-60x60.png"><script src="../deps/jquery-3.6.0/jquery-3.6.0.min.js"></script><meta name="viewport" content="width=device-width, initial-scale=1, shrink-to-fit=no"><link href="../deps/bootstrap-5.3.1/bootstrap.min.css" rel="stylesheet"><script src="../deps/bootstrap-5.3.1/bootstrap.bundle.min.js"></script><!-- Font Awesome icons --><link rel="stylesheet" href="https://cdnjs.cloudflare.com/ajax/libs/font-awesome/5.12.1/css/all.min.css" integrity="sha256-mmgLkCYLUQbXn0B1SRqzHar6dCnv9oZFPEC1g1cwlkk=" crossorigin="anonymous"><link rel="stylesheet" href="https://cdnjs.cloudflare.com/ajax/libs/font-awesome/5.12.1/css/v4-shims.min.css" integrity="sha256-wZjR52fzng1pJHwx4aV2AO3yyTOXrcDW7jBpJtTwVxw=" crossorigin="anonymous"><!-- bootstrap-toc --><script src="https://cdn.jsdelivr.net/gh/afeld/bootstrap-toc@v1.0.1/dist/bootstrap-toc.min.js" integrity="sha256-4veVQbu7//Lk5TSmc7YV48MxtMy98e26cf5MrgZYnwo=" crossorigin="anonymous"></script><!-- headroom.js --><script src="https://cdnjs.cloudflare.com/ajax/libs/headroom/0.11.0/headroom.min.js" integrity="sha256-AsUX4SJE1+yuDu5+mAVzJbuYNPHj/WroHuZ8Ir/CkE0=" crossorigin="anonymous"></script><script src="https://cdnjs.cloudflare.com/ajax/libs/headroom/0.11.0/jQuery.headroom.min.js" integrity="sha256-ZX/yNShbjqsohH1k95liqY9Gd8uOiE1S4vZc+9KQ1K4=" crossorigin="anonymous"></script><!-- clipboard.js --><script src="https://cdnjs.cloudflare.com/ajax/libs/clipboard.js/2.0.6/clipboard.min.js" integrity="sha256-inc5kl9MA1hkeYUt+EC3BhlIgyp/2jDIyBLS6k3UxPI=" crossorigin="anonymous"></script><!-- search --><script src="https://cdnjs.cloudflare.com/ajax/libs/fuse.js/6.4.6/fuse.js" integrity="sha512-zv6Ywkjyktsohkbp9bb45V6tEMoWhzFzXis+LrMehmJZZSys19Yxf1dopHx7WzIKxr5tK2dVcYmaCk2uqdjF4A==" crossorigin="anonymous"></script><script src="https://cdnjs.cloudflare.com/ajax/libs/autocomplete.js/0.38.0/autocomplete.jquery.min.js" integrity="sha512-GU9ayf+66Xx2TmpxqJpliWbT5PiGYxpaG8rfnBEk1LL8l1KGkRShhngwdXK1UgqhAzWpZHSiYPc09/NwDQIGyg==" crossorigin="anonymous"></script><script src="https://cdnjs.cloudflare.com/ajax/libs/mark.js/8.11.1/mark.min.js" integrity="sha512-5CYOlHXGh6QpOFA/TeTylKLWfB3ftPsde7AnmhuitiTX4K5SqCLBeKro6sPS8ilsz1Q4NRx3v8Ko2IBiszzdww==" crossorigin="anonymous"></script><!-- pkgdown --><script src="../pkgdown.js"></script><meta property="og:title" content="MSEIR model — mseir_model"><meta property="og:description" content="Refers to section 3.4."><meta property="og:image" content="https://oucru-modelling.github.io/serosv/logo.svg"><!-- mathjax --><script src="https://cdnjs.cloudflare.com/ajax/libs/mathjax/2.7.5/MathJax.js" integrity="sha256-nvJJv9wWKEm88qvoQl9ekL2J+k/RWIsaSScxxlsrv8k=" crossorigin="anonymous"></script><script src="https://cdnjs.cloudflare.com/ajax/libs/mathjax/2.7.5/config/TeX-AMS-MML_HTMLorMML.js" integrity="sha256-84DKXVJXs0/F8OTMzX4UR909+jtl4G7SPypPavF+GfA=" crossorigin="anonymous"></script><!--[if lt IE 9]>
<script src="https://oss.maxcdn.com/html5shiv/3.7.3/html5shiv.min.js"></script>
<script src="https://oss.maxcdn.com/respond/1.4.2/respond.min.js"></script>
<![endif]--></head><body>
    <a href="#main" class="visually-hidden-focusable">Skip to contents</a>
    

    <nav class="navbar fixed-top navbar-light navbar-expand-lg bg-light"><div class="container">
    
    <a class="navbar-brand me-2" href="../index.html">serosv</a>

    <small class="nav-text text-muted me-auto" data-bs-toggle="tooltip" data-bs-placement="bottom" title="">1.0.1.9000</small>

    
    <button class="navbar-toggler" type="button" data-bs-toggle="collapse" data-bs-target="#navbar" aria-controls="navbar" aria-expanded="false" aria-label="Toggle navigation">
      <span class="navbar-toggler-icon"></span>
    </button>

    <div id="navbar" class="collapse navbar-collapse ms-3">
      <ul class="navbar-nav me-auto"><li class="active nav-item">
  <a class="nav-link" href="../reference/index.html">Reference</a>
</li>
<li class="nav-item dropdown">
  <a href="#" class="nav-link dropdown-toggle" data-bs-toggle="dropdown" role="button" aria-expanded="false" aria-haspopup="true" id="dropdown-articles">Articles</a>
  <div class="dropdown-menu" aria-labelledby="dropdown-articles">
    <a class="dropdown-item" href="../articles/sir_model.html">SIR model</a>
    <a class="dropdown-item" href="../articles/parametric_model.html">Parametric models</a>
    <a class="dropdown-item" href="../articles/nonparametric_model.html">Nonparametric model</a>
    <a class="dropdown-item" href="../articles/semiparametric_model.html">Semiparametric model</a>
    <a class="dropdown-item" href="../articles/hierarchical_model.html">Hierarchical Bayesian models</a>
    <a class="dropdown-item" href="../articles/model_quantitative_data.html">Modeling directly from antibody levels</a>
    <div class="dropdown-divider"></div>
    <h6 class="dropdown-header" data-toc-skip>Utilities</h6>
    <a class="dropdown-item" href="../articles/data_transformation.html">Data transformation</a>
    <a class="dropdown-item" href="../articles/imperfect_test.html">Imperfect serological test</a>
    <a class="dropdown-item" href="../articles/visualizing_model.html">Model visualization</a>
  </div>
</li>
<li class="nav-item">
  <a class="nav-link" href="../news/index.html">Changelog</a>
</li>
      </ul><form class="form-inline my-2 my-lg-0" role="search">
        <input type="search" class="form-control me-sm-2" aria-label="Toggle navigation" name="search-input" data-search-index="../search.json" id="search-input" placeholder="Search for" autocomplete="off"></form>

      <ul class="navbar-nav"><li class="nav-item">
  <a class="external-link nav-link" href="https://github.com/OUCRU-Modelling/serosv/" aria-label="github">
    <span class="fab fa fab fa-github fa-lg"></span>
     
  </a>
</li>
      </ul></div>

    
  </div>
</nav><div class="container template-reference-topic">
<div class="row">
  <main id="main" class="col-md-9"><div class="page-header">
      <img src="../logo.svg" class="logo" alt=""><h1>MSEIR model</h1>
      <small class="dont-index">Source: <a href="https://github.com/OUCRU-Modelling/serosv/blob/HEAD/R/mseir_model.R" class="external-link"><code>R/mseir_model.R</code></a></small>
      <div class="d-none name"><code>mseir_model.Rd</code></div>
    </div>

    <div class="ref-description section level2">
    <p>Refers to section 3.4.</p>
    </div>

    <div class="section level2">
    <h2 id="ref-usage">Usage<a class="anchor" aria-label="anchor" href="#ref-usage"></a></h2>
    <div class="sourceCode"><pre class="sourceCode r"><code><span><span class="fu">mseir_model</span><span class="op">(</span><span class="va">a</span>, <span class="va">gamma</span>, <span class="va">lambda</span>, <span class="va">sigma</span>, <span class="va">nu</span><span class="op">)</span></span></code></pre></div>
    </div>

    <div class="section level2">
    <h2 id="arguments">Arguments<a class="anchor" aria-label="anchor" href="#arguments"></a></h2>
    <dl><dt>a</dt>
<dd><p>age sequence</p></dd>


<dt>gamma</dt>
<dd><p>time in maternal class.</p></dd>


<dt>lambda</dt>
<dd><p>time in susceptible class.</p></dd>


<dt>sigma</dt>
<dd><p>time in latent class.</p></dd>


<dt>nu</dt>
<dd><p>time in infected class.</p></dd>

</dl></div>
    <div class="section level2">
    <h2 id="value">Value<a class="anchor" aria-label="anchor" href="#value"></a></h2>
    

<p>list of class mseir_model with the following parameters</p>
<dl><dt>parameters</dt>
<dd><p>list of parameters used for fitting the model</p></dd>

  <dt>output</dt>
<dd><p>matrix of proportion for each compartment over time</p></dd>

</dl></div>

    <div class="section level2">
    <h2 id="ref-examples">Examples<a class="anchor" aria-label="anchor" href="#ref-examples"></a></h2>
    <div class="sourceCode"><pre class="sourceCode r"><code><span class="r-in"><span><span class="va">model</span> <span class="op">&lt;-</span> <span class="fu">mseir_model</span><span class="op">(</span></span></span>
<span class="r-in"><span>  a<span class="op">=</span><span class="fu"><a href="https://rdrr.io/r/base/seq.html" class="external-link">seq</a></span><span class="op">(</span>from<span class="op">=</span><span class="fl">1</span>,to<span class="op">=</span><span class="fl">20</span>,length<span class="op">=</span><span class="fl">500</span><span class="op">)</span>, <span class="co"># age range from 0 -&gt; 20 yo</span></span></span>
<span class="r-in"><span>  gamma<span class="op">=</span><span class="fl">1</span><span class="op">/</span><span class="fl">0.5</span>, <span class="co"># 6 months in the maternal antibodies</span></span></span>
<span class="r-in"><span>  lambda<span class="op">=</span><span class="fl">0.2</span>,  <span class="co"># 5 years in the susceptible class</span></span></span>
<span class="r-in"><span>  sigma<span class="op">=</span><span class="fl">26.07</span>, <span class="co"># 14 days in the latent class</span></span></span>
<span class="r-in"><span>  nu<span class="op">=</span><span class="fl">36.5</span>      <span class="co"># 10 days in the infected class</span></span></span>
<span class="r-in"><span><span class="op">)</span></span></span>
<span class="r-in"><span><span class="va">model</span></span></span>
<span class="r-out co"><span class="r-pr">#&gt;</span> $parameters</span>
<span class="r-out co"><span class="r-pr">#&gt;</span> $parameters$gamma</span>
<span class="r-out co"><span class="r-pr">#&gt;</span> [1] 2</span>
<span class="r-out co"><span class="r-pr">#&gt;</span> </span>
<span class="r-out co"><span class="r-pr">#&gt;</span> $parameters$lambda</span>
<span class="r-out co"><span class="r-pr">#&gt;</span> [1] 0.2</span>
<span class="r-out co"><span class="r-pr">#&gt;</span> </span>
<span class="r-out co"><span class="r-pr">#&gt;</span> $parameters$sigma</span>
<span class="r-out co"><span class="r-pr">#&gt;</span> [1] 26.07</span>
<span class="r-out co"><span class="r-pr">#&gt;</span> </span>
<span class="r-out co"><span class="r-pr">#&gt;</span> $parameters$nu</span>
<span class="r-out co"><span class="r-pr">#&gt;</span> [1] 36.5</span>
<span class="r-out co"><span class="r-pr">#&gt;</span> </span>
<span class="r-out co"><span class="r-pr">#&gt;</span> </span>
<span class="r-out co"><span class="r-pr">#&gt;</span> $output</span>
<span class="r-out co"><span class="r-pr">#&gt;</span>             a            m          s            e            i         r</span>
<span class="r-out co"><span class="r-pr">#&gt;</span> 1    0.000000 1.000000e+00 0.00000000 0.0000000000 0.0000000000 0.0000000</span>
<span class="r-out co"><span class="r-pr">#&gt;</span> 2    1.000000 1.353353e-01 0.75932830 0.0057834028 0.0041067171 0.0954463</span>
<span class="r-out co"><span class="r-pr">#&gt;</span> 3    1.038076 1.254118e-01 0.76345309 0.0058216660 0.0041376298 0.1011758</span>
<span class="r-out co"><span class="r-pr">#&gt;</span> 4    1.076152 1.162160e-01 0.76682174 0.0058536161 0.0041637570 0.1069449</span>
<span class="r-out co"><span class="r-pr">#&gt;</span> 5    1.114228 1.076945e-01 0.76949316 0.0058797427 0.0041854686 0.1127471</span>
<span class="r-out co"><span class="r-pr">#&gt;</span> 6    1.152305 9.979779e-02 0.77152186 0.0059004992 0.0042031073 0.1185767</span>
<span class="r-out co"><span class="r-pr">#&gt;</span> 7    1.190381 9.248012e-02 0.77295838 0.0059163055 0.0042169906 0.1244282</span>
<span class="r-out co"><span class="r-pr">#&gt;</span> 8    1.228457 8.569903e-02 0.77384950 0.0059275507 0.0042274125 0.1302965</span>
<span class="r-out co"><span class="r-pr">#&gt;</span> 9    1.266533 7.941515e-02 0.77423855 0.0059345950 0.0042346455 0.1361771</span>
<span class="r-out co"><span class="r-pr">#&gt;</span> 10   1.304609 7.359204e-02 0.77416565 0.0059377721 0.0042389416 0.1420656</span>
<span class="r-out co"><span class="r-pr">#&gt;</span> 11   1.342685 6.819591e-02 0.77366797 0.0059373908 0.0042405345 0.1479582</span>
<span class="r-out co"><span class="r-pr">#&gt;</span> 12   1.380762 6.319545e-02 0.77277991 0.0059337375 0.0042396406 0.1538513</span>
<span class="r-out co"><span class="r-pr">#&gt;</span> 13   1.418838 5.856164e-02 0.77153335 0.0059270770 0.0042364602 0.1597415</span>
<span class="r-out co"><span class="r-pr">#&gt;</span> 14   1.456914 5.426761e-02 0.76995777 0.0059176546 0.0042311787 0.1656258</span>
<span class="r-out co"><span class="r-pr">#&gt;</span> 15   1.494990 5.028844e-02 0.76808050 0.0059056976 0.0042239679 0.1715014</span>
<span class="r-out co"><span class="r-pr">#&gt;</span> 16   1.533066 4.660105e-02 0.76592682 0.0058914163 0.0042149869 0.1773657</span>
<span class="r-out co"><span class="r-pr">#&gt;</span> 17   1.571142 4.318403e-02 0.76352014 0.0058750053 0.0042043830 0.1832164</span>
<span class="r-out co"><span class="r-pr">#&gt;</span> 18   1.609218 4.001756e-02 0.76088213 0.0058566450 0.0041922923 0.1890514</span>
<span class="r-out co"><span class="r-pr">#&gt;</span> 19   1.647295 3.708328e-02 0.75803284 0.0058365022 0.0041788412 0.1948685</span>
<span class="r-out co"><span class="r-pr">#&gt;</span> 20   1.685371 3.436415e-02 0.75499084 0.0058147313 0.0041641464 0.2006661</span>
<span class="r-out co"><span class="r-pr">#&gt;</span> 21   1.723447 3.184440e-02 0.75177331 0.0057914753 0.0041483160 0.2064425</span>
<span class="r-out co"><span class="r-pr">#&gt;</span> 22   1.761523 2.950941e-02 0.74839613 0.0057668664 0.0041314501 0.2121961</span>
<span class="r-out co"><span class="r-pr">#&gt;</span> 23   1.799599 2.734563e-02 0.74487402 0.0057410270 0.0041136413 0.2179257</span>
<span class="r-out co"><span class="r-pr">#&gt;</span> 24   1.837675 2.534052e-02 0.74122058 0.0057140705 0.0040949753 0.2236299</span>
<span class="r-out co"><span class="r-pr">#&gt;</span> 25   1.875752 2.348243e-02 0.73744840 0.0056861015 0.0040755312 0.2293075</span>
<span class="r-out co"><span class="r-pr">#&gt;</span> 26   1.913828 2.176058e-02 0.73356912 0.0056572169 0.0040553825 0.2349577</span>
<span class="r-out co"><span class="r-pr">#&gt;</span> 27   1.951904 2.016498e-02 0.72959349 0.0056275065 0.0040345970 0.2405794</span>
<span class="r-out co"><span class="r-pr">#&gt;</span> 28   1.989980 1.868639e-02 0.72553148 0.0055970530 0.0040132374 0.2461718</span>
<span class="r-out co"><span class="r-pr">#&gt;</span> 29   2.028056 1.731621e-02 0.72139228 0.0055659332 0.0039913617 0.2517342</span>
<span class="r-out co"><span class="r-pr">#&gt;</span> 30   2.066132 1.604650e-02 0.71718441 0.0055342179 0.0039690236 0.2572659</span>
<span class="r-out co"><span class="r-pr">#&gt;</span> 31   2.104208 1.486989e-02 0.71291571 0.0055019726 0.0039462726 0.2627662</span>
<span class="r-out co"><span class="r-pr">#&gt;</span> 32   2.142285 1.377956e-02 0.70859345 0.0054692578 0.0039231546 0.2682346</span>
<span class="r-out co"><span class="r-pr">#&gt;</span> 33   2.180361 1.276917e-02 0.70422434 0.0054361294 0.0038997119 0.2736706</span>
<span class="r-out co"><span class="r-pr">#&gt;</span> 34   2.218437 1.183287e-02 0.69981457 0.0054026391 0.0038759837 0.2790739</span>
<span class="r-out co"><span class="r-pr">#&gt;</span> 35   2.256513 1.096523e-02 0.69536987 0.0053688346 0.0038520061 0.2844441</span>
<span class="r-out co"><span class="r-pr">#&gt;</span> 36   2.294589 1.016120e-02 0.69089552 0.0053347600 0.0038278125 0.2897807</span>
<span class="r-out co"><span class="r-pr">#&gt;</span> 37   2.332665 9.416134e-03 0.68639637 0.0053004560 0.0038034337 0.2950836</span>
<span class="r-out co"><span class="r-pr">#&gt;</span> 38   2.370741 8.725697e-03 0.68187694 0.0052659599 0.0037788981 0.3003525</span>
<span class="r-out co"><span class="r-pr">#&gt;</span> 39   2.408818 8.085885e-03 0.67734136 0.0052313065 0.0037542320 0.3055872</span>
<span class="r-out co"><span class="r-pr">#&gt;</span> 40   2.446894 7.492988e-03 0.67279346 0.0051965277 0.0037294596 0.3107876</span>
<span class="r-out co"><span class="r-pr">#&gt;</span> 41   2.484970 6.943565e-03 0.66823675 0.0051616529 0.0037046032 0.3159534</span>
<span class="r-out co"><span class="r-pr">#&gt;</span> 42   2.523046 6.434429e-03 0.66367448 0.0051267092 0.0036796834 0.3210847</span>
<span class="r-out co"><span class="r-pr">#&gt;</span> 43   2.561122 5.962625e-03 0.65910963 0.0050917216 0.0036547192 0.3261813</span>
<span class="r-out co"><span class="r-pr">#&gt;</span> 44   2.599198 5.525416e-03 0.65454495 0.0050567131 0.0036297279 0.3312432</span>
<span class="r-out co"><span class="r-pr">#&gt;</span> 45   2.637275 5.120265e-03 0.64998296 0.0050217048 0.0036047258 0.3362703</span>
<span class="r-out co"><span class="r-pr">#&gt;</span> 46   2.675351 4.744822e-03 0.64542599 0.0049867162 0.0035797275 0.3412627</span>
<span class="r-out co"><span class="r-pr">#&gt;</span> 47   2.713427 4.396908e-03 0.64087617 0.0049517651 0.0035547466 0.3462204</span>
<span class="r-out co"><span class="r-pr">#&gt;</span> 48   2.751503 4.074505e-03 0.63633544 0.0049168681 0.0035297957 0.3511434</span>
<span class="r-out co"><span class="r-pr">#&gt;</span> 49   2.789579 3.775742e-03 0.63180562 0.0048820401 0.0035048863 0.3560317</span>
<span class="r-out co"><span class="r-pr">#&gt;</span> 50   2.827655 3.498886e-03 0.62728834 0.0048472950 0.0034800288 0.3608854</span>
<span class="r-out co"><span class="r-pr">#&gt;</span> 51   2.865731 3.242330e-03 0.62278511 0.0048126455 0.0034552329 0.3657047</span>
<span class="r-out co"><span class="r-pr">#&gt;</span> 52   2.903808 3.004587e-03 0.61829730 0.0047781031 0.0034305074 0.3704895</span>
<span class="r-out co"><span class="r-pr">#&gt;</span> 53   2.941884 2.784276e-03 0.61382617 0.0047436785 0.0034058605 0.3752400</span>
<span class="r-out co"><span class="r-pr">#&gt;</span> 54   2.979960 2.580119e-03 0.60937286 0.0047093814 0.0033812995 0.3799563</span>
<span class="r-out co"><span class="r-pr">#&gt;</span> 55   3.018036 2.390932e-03 0.60493843 0.0046752205 0.0033568312 0.3846386</span>
<span class="r-out co"><span class="r-pr">#&gt;</span> 56   3.056112 2.215617e-03 0.60052382 0.0046412039 0.0033324618 0.3892869</span>
<span class="r-out co"><span class="r-pr">#&gt;</span> 57   3.094188 2.053157e-03 0.59612990 0.0046073390 0.0033081968 0.3939014</span>
<span class="r-out co"><span class="r-pr">#&gt;</span> 58   3.132265 1.902609e-03 0.59175744 0.0045736324 0.0032840415 0.3984823</span>
<span class="r-out co"><span class="r-pr">#&gt;</span> 59   3.170341 1.763101e-03 0.58740716 0.0045400902 0.0032600003 0.4030296</span>
<span class="r-out co"><span class="r-pr">#&gt;</span> 60   3.208417 1.633821e-03 0.58307969 0.0045067177 0.0032360775 0.4075437</span>
<span class="r-out co"><span class="r-pr">#&gt;</span> 61   3.246493 1.514021e-03 0.57877561 0.0044735200 0.0032122769 0.4120246</span>
<span class="r-out co"><span class="r-pr">#&gt;</span> 62   3.284569 1.403006e-03 0.57449543 0.0044405014 0.0031886020 0.4164725</span>
<span class="r-out co"><span class="r-pr">#&gt;</span> 63   3.322645 1.300131e-03 0.57023961 0.0044076659 0.0031650557 0.4208875</span>
<span class="r-out co"><span class="r-pr">#&gt;</span> 64   3.360721 1.204799e-03 0.56600856 0.0043750170 0.0031416409 0.4252700</span>
<span class="r-out co"><span class="r-pr">#&gt;</span> 65   3.398798 1.116457e-03 0.56180265 0.0043425580 0.0031183600 0.4296200</span>
<span class="r-out co"><span class="r-pr">#&gt;</span> 66   3.436874 1.034593e-03 0.55762219 0.0043102916 0.0030952152 0.4339377</span>
<span class="r-out co"><span class="r-pr">#&gt;</span> 67   3.474950 9.587312e-04 0.55346746 0.0042782203 0.0030722084 0.4382234</span>
<span class="r-out co"><span class="r-pr">#&gt;</span> 68   3.513026 8.884323e-04 0.54933872 0.0042463463 0.0030493414 0.4424772</span>
<span class="r-out co"><span class="r-pr">#&gt;</span> 69   3.551102 8.232881e-04 0.54523616 0.0042146714 0.0030266156 0.4466993</span>
<span class="r-out co"><span class="r-pr">#&gt;</span> 70   3.589178 7.629205e-04 0.54115996 0.0041831973 0.0030040323 0.4508899</span>
<span class="r-out co"><span class="r-pr">#&gt;</span> 71   3.627255 7.069794e-04 0.53711028 0.0041519253 0.0029815927 0.4550492</span>
<span class="r-out co"><span class="r-pr">#&gt;</span> 72   3.665331 6.551402e-04 0.53308724 0.0041208566 0.0029592977 0.4591775</span>
<span class="r-out co"><span class="r-pr">#&gt;</span> 73   3.703407 6.071021e-04 0.52909093 0.0040899922 0.0029371480 0.4632748</span>
<span class="r-out co"><span class="r-pr">#&gt;</span> 74   3.741483 5.625863e-04 0.52512143 0.0040593327 0.0029151443 0.4673415</span>
<span class="r-out co"><span class="r-pr">#&gt;</span> 75   3.779559 5.213347e-04 0.52117879 0.0040288788 0.0028932871 0.4713777</span>
<span class="r-out co"><span class="r-pr">#&gt;</span> 76   3.817635 4.831079e-04 0.51726304 0.0039986309 0.0028715769 0.4753836</span>
<span class="r-out co"><span class="r-pr">#&gt;</span> 77   3.855711 4.476840e-04 0.51337422 0.0039685892 0.0028500138 0.4793595</span>
<span class="r-out co"><span class="r-pr">#&gt;</span> 78   3.893788 4.148576e-04 0.50951230 0.0039387540 0.0028285980 0.4833055</span>
<span class="r-out co"><span class="r-pr">#&gt;</span> 79   3.931864 3.844382e-04 0.50567729 0.0039091252 0.0028073296 0.4872218</span>
<span class="r-out co"><span class="r-pr">#&gt;</span> 80   3.969940 3.562493e-04 0.50186914 0.0038797027 0.0027862087 0.4911087</span>
<span class="r-out co"><span class="r-pr">#&gt;</span> 81   4.008016 3.301274e-04 0.49808783 0.0038504863 0.0027652350 0.4949663</span>
<span class="r-out co"><span class="r-pr">#&gt;</span> 82   4.046092 3.059208e-04 0.49433330 0.0038214757 0.0027444085 0.4987949</span>
<span class="r-out co"><span class="r-pr">#&gt;</span> 83   4.084168 2.834892e-04 0.49060548 0.0037926704 0.0027237289 0.5025946</span>
<span class="r-out co"><span class="r-pr">#&gt;</span> 84   4.122244 2.627023e-04 0.48690430 0.0037640701 0.0027031958 0.5063657</span>
<span class="r-out co"><span class="r-pr">#&gt;</span> 85   4.160321 2.434397e-04 0.48322968 0.0037356742 0.0026828091 0.5101084</span>
<span class="r-out co"><span class="r-pr">#&gt;</span> 86   4.198397 2.255895e-04 0.47958153 0.0037074819 0.0026625681 0.5138228</span>
<span class="r-out co"><span class="r-pr">#&gt;</span> 87   4.236473 2.090482e-04 0.47595976 0.0036794928 0.0026424725 0.5175092</span>
<span class="r-out co"><span class="r-pr">#&gt;</span> 88   4.274549 1.937197e-04 0.47236425 0.0036517059 0.0026225217 0.5211678</span>
<span class="r-out co"><span class="r-pr">#&gt;</span> 89   4.312625 1.795152e-04 0.46879490 0.0036241205 0.0026027153 0.5247987</span>
<span class="r-out co"><span class="r-pr">#&gt;</span> 90   4.350701 1.663523e-04 0.46525159 0.0035967357 0.0025830527 0.5284023</span>
<span class="r-out co"><span class="r-pr">#&gt;</span> 91   4.388778 1.541545e-04 0.46173420 0.0035695507 0.0025635331 0.5319786</span>
<span class="r-out co"><span class="r-pr">#&gt;</span> 92   4.426854 1.428511e-04 0.45824260 0.0035425646 0.0025441561 0.5355278</span>
<span class="r-out co"><span class="r-pr">#&gt;</span> 93   4.464930 1.323766e-04 0.45477666 0.0035157763 0.0025249208 0.5390503</span>
<span class="r-out co"><span class="r-pr">#&gt;</span> 94   4.503006 1.226701e-04 0.45133626 0.0034891849 0.0025058267 0.5425461</span>
<span class="r-out co"><span class="r-pr">#&gt;</span> 95   4.541082 1.136753e-04 0.44792124 0.0034627893 0.0024868730 0.5460154</span>
<span class="r-out co"><span class="r-pr">#&gt;</span> 96   4.579158 1.053401e-04 0.44453148 0.0034365885 0.0024680589 0.5494585</span>
<span class="r-out co"><span class="r-pr">#&gt;</span> 97   4.617234 9.761602e-05 0.44116682 0.0034105814 0.0024493838 0.5528756</span>
<span class="r-out co"><span class="r-pr">#&gt;</span> 98   4.655311 9.045833e-05 0.43782712 0.0033847670 0.0024308468 0.5562668</span>
<span class="r-out co"><span class="r-pr">#&gt;</span> 99   4.693387 8.382548e-05 0.43451224 0.0033591440 0.0024124471 0.5596323</span>
<span class="r-out co"><span class="r-pr">#&gt;</span> 100  4.731463 7.767898e-05 0.43122202 0.0033337113 0.0023941840 0.5629724</span>
<span class="r-out co"><span class="r-pr">#&gt;</span> 101  4.769539 7.198317e-05 0.42795631 0.0033084679 0.0023760566 0.5662872</span>
<span class="r-out co"><span class="r-pr">#&gt;</span> 102  4.807615 6.670501e-05 0.42471496 0.0032834126 0.0023580641 0.5695769</span>
<span class="r-out co"><span class="r-pr">#&gt;</span> 103  4.845691 6.181387e-05 0.42149781 0.0032585441 0.0023402057 0.5728416</span>
<span class="r-out co"><span class="r-pr">#&gt;</span> 104  4.883768 5.728137e-05 0.41830471 0.0032338613 0.0023224805 0.5760817</span>
<span class="r-out co"><span class="r-pr">#&gt;</span> 105  4.921844 5.308122e-05 0.41513551 0.0032093630 0.0023048878 0.5792972</span>
<span class="r-out co"><span class="r-pr">#&gt;</span> 106  4.959920 4.918904e-05 0.41199004 0.0031850480 0.0022874265 0.5824883</span>
<span class="r-out co"><span class="r-pr">#&gt;</span> 107  4.997996 4.558226e-05 0.40886815 0.0031609151 0.0022700960 0.5856553</span>
<span class="r-out co"><span class="r-pr">#&gt;</span> 108  5.036072 4.223994e-05 0.40576968 0.0031369630 0.0022528952 0.5887982</span>
<span class="r-out co"><span class="r-pr">#&gt;</span> 109  5.074148 3.914270e-05 0.40269447 0.0031131907 0.0022358234 0.5919174</span>
<span class="r-out co"><span class="r-pr">#&gt;</span> 110  5.112224 3.627256e-05 0.39964237 0.0030895968 0.0022188797 0.5950129</span>
<span class="r-out co"><span class="r-pr">#&gt;</span> 111  5.150301 3.361288e-05 0.39661321 0.0030661802 0.0022020633 0.5980849</span>
<span class="r-out co"><span class="r-pr">#&gt;</span> 112  5.188377 3.114822e-05 0.39360683 0.0030429396 0.0021853731 0.6011337</span>
<span class="r-out co"><span class="r-pr">#&gt;</span> 113  5.226453 2.886428e-05 0.39062308 0.0030198739 0.0021688085 0.6041594</span>
<span class="r-out co"><span class="r-pr">#&gt;</span> 114  5.264529 2.674781e-05 0.38766180 0.0029969817 0.0021523685 0.6071621</span>
<span class="r-out co"><span class="r-pr">#&gt;</span> 115  5.302605 2.478652e-05 0.38472284 0.0029742619 0.0021360522 0.6101421</span>
<span class="r-out co"><span class="r-pr">#&gt;</span> 116  5.340681 2.296905e-05 0.38180602 0.0029517133 0.0021198589 0.6130994</span>
<span class="r-out co"><span class="r-pr">#&gt;</span> 117  5.378758 2.128485e-05 0.37891120 0.0029293346 0.0021037875 0.6160344</span>
<span class="r-out co"><span class="r-pr">#&gt;</span> 118  5.416834 1.972414e-05 0.37603822 0.0029071247 0.0020878373 0.6189471</span>
<span class="r-out co"><span class="r-pr">#&gt;</span> 119  5.454910 1.827787e-05 0.37318692 0.0028850823 0.0020720073 0.6218377</span>
<span class="r-out co"><span class="r-pr">#&gt;</span> 120  5.492986 1.693764e-05 0.37035714 0.0028632063 0.0020562968 0.6247064</span>
<span class="r-out co"><span class="r-pr">#&gt;</span> 121  5.531062 1.569569e-05 0.36754874 0.0028414954 0.0020407049 0.6275534</span>
<span class="r-out co"><span class="r-pr">#&gt;</span> 122  5.569138 1.454481e-05 0.36476154 0.0028199485 0.0020252307 0.6303787</span>
<span class="r-out co"><span class="r-pr">#&gt;</span> 123  5.607214 1.347831e-05 0.36199541 0.0027985643 0.0020098733 0.6331827</span>
<span class="r-out co"><span class="r-pr">#&gt;</span> 124  5.645291 1.249001e-05 0.35925019 0.0027773417 0.0019946320 0.6359653</span>
<span class="r-out co"><span class="r-pr">#&gt;</span> 125  5.683367 1.157418e-05 0.35652572 0.0027562795 0.0019795058 0.6387269</span>
<span class="r-out co"><span class="r-pr">#&gt;</span> 126  5.721443 1.072551e-05 0.35382185 0.0027353766 0.0019644940 0.6414676</span>
<span class="r-out co"><span class="r-pr">#&gt;</span> 127  5.759519 9.939060e-06 0.35113843 0.0027146317 0.0019495957 0.6441874</span>
<span class="r-out co"><span class="r-pr">#&gt;</span> 128  5.797595 9.210279e-06 0.34847531 0.0026940437 0.0019348100 0.6468866</span>
<span class="r-out co"><span class="r-pr">#&gt;</span> 129  5.835671 8.534936e-06 0.34583234 0.0026736114 0.0019201361 0.6495654</span>
<span class="r-out co"><span class="r-pr">#&gt;</span> 130  5.873747 7.909112e-06 0.34320938 0.0026533337 0.0019055733 0.6522238</span>
<span class="r-out co"><span class="r-pr">#&gt;</span> 131  5.911824 7.329177e-06 0.34060626 0.0026332095 0.0018911207 0.6548621</span>
<span class="r-out co"><span class="r-pr">#&gt;</span> 132  5.949900 6.791766e-06 0.33802285 0.0026132377 0.0018767774 0.6574803</span>
<span class="r-out co"><span class="r-pr">#&gt;</span> 133  5.987976 6.293760e-06 0.33545901 0.0025934169 0.0018625427 0.6600787</span>
<span class="r-out co"><span class="r-pr">#&gt;</span> 134  6.026052 5.832270e-06 0.33291457 0.0025737463 0.0018484158 0.6626574</span>
<span class="r-out co"><span class="r-pr">#&gt;</span> 135  6.064128 5.404619e-06 0.33038940 0.0025542246 0.0018343958 0.6652166</span>
<span class="r-out co"><span class="r-pr">#&gt;</span> 136  6.102204 5.008326e-06 0.32788336 0.0025348508 0.0018204820 0.6677563</span>
<span class="r-out co"><span class="r-pr">#&gt;</span> 137  6.140281 4.641091e-06 0.32539630 0.0025156236 0.0018066736 0.6702768</span>
<span class="r-out co"><span class="r-pr">#&gt;</span> 138  6.178357 4.300783e-06 0.32292809 0.0024965422 0.0017929697 0.6727781</span>
<span class="r-out co"><span class="r-pr">#&gt;</span> 139  6.216433 3.985428e-06 0.32047857 0.0024776052 0.0017793697 0.6752605</span>
<span class="r-out co"><span class="r-pr">#&gt;</span> 140  6.254509 3.693197e-06 0.31804761 0.0024588118 0.0017658726 0.6777240</span>
<span class="r-out co"><span class="r-pr">#&gt;</span> 141  6.292585 3.422394e-06 0.31563507 0.0024401607 0.0017524779 0.6801689</span>
<span class="r-out co"><span class="r-pr">#&gt;</span> 142  6.330661 3.171447e-06 0.31324082 0.0024216510 0.0017391846 0.6825952</span>
<span class="r-out co"><span class="r-pr">#&gt;</span> 143  6.368737 2.938901e-06 0.31086471 0.0024032815 0.0017259921 0.6850031</span>
<span class="r-out co"><span class="r-pr">#&gt;</span> 144  6.406814 2.723406e-06 0.30850661 0.0023850513 0.0017128995 0.6873927</span>
<span class="r-out co"><span class="r-pr">#&gt;</span> 145  6.444890 2.523712e-06 0.30616638 0.0023669592 0.0016999062 0.6897642</span>
<span class="r-out co"><span class="r-pr">#&gt;</span> 146  6.482966 2.338661e-06 0.30384389 0.0023490042 0.0016870113 0.6921178</span>
<span class="r-out co"><span class="r-pr">#&gt;</span> 147  6.521042 2.167179e-06 0.30153901 0.0023311854 0.0016742142 0.6944534</span>
<span class="r-out co"><span class="r-pr">#&gt;</span> 148  6.559118 2.008271e-06 0.29925160 0.0023135016 0.0016615141 0.6967714</span>
<span class="r-out co"><span class="r-pr">#&gt;</span> 149  6.597194 1.861015e-06 0.29698153 0.0022959519 0.0016489103 0.6990717</span>
<span class="r-out co"><span class="r-pr">#&gt;</span> 150  6.635271 1.724556e-06 0.29472867 0.0022785352 0.0016364020 0.7013547</span>
<span class="r-out co"><span class="r-pr">#&gt;</span> 151  6.673347 1.598103e-06 0.29249290 0.0022612506 0.0016239885 0.7036203</span>
<span class="r-out co"><span class="r-pr">#&gt;</span> 152  6.711423 1.480922e-06 0.29027407 0.0022440970 0.0016116692 0.7058687</span>
<span class="r-out co"><span class="r-pr">#&gt;</span> 153  6.749499 1.372333e-06 0.28807207 0.0022270735 0.0015994432 0.7081000</span>
<span class="r-out co"><span class="r-pr">#&gt;</span> 154  6.787575 1.271707e-06 0.28588677 0.0022101791 0.0015873100 0.7103145</span>
<span class="r-out co"><span class="r-pr">#&gt;</span> 155  6.825651 1.178459e-06 0.28371804 0.0021934128 0.0015752688 0.7125121</span>
<span class="r-out co"><span class="r-pr">#&gt;</span> 156  6.863727 1.092049e-06 0.28156575 0.0021767736 0.0015633188 0.7146931</span>
<span class="r-out co"><span class="r-pr">#&gt;</span> 157  6.901804 1.011974e-06 0.27942979 0.0021602606 0.0015514595 0.7168575</span>
<span class="r-out co"><span class="r-pr">#&gt;</span> 158  6.939880 9.377715e-07 0.27731002 0.0021438728 0.0015396901 0.7190055</span>
<span class="r-out co"><span class="r-pr">#&gt;</span> 159  6.977956 8.690095e-07 0.27520633 0.0021276093 0.0015280100 0.7211372</span>
<span class="r-out co"><span class="r-pr">#&gt;</span> 160  7.016032 8.052894e-07 0.27311859 0.0021114691 0.0015164184 0.7232527</span>
<span class="r-out co"><span class="r-pr">#&gt;</span> 161  7.054108 7.462416e-07 0.27104669 0.0020954513 0.0015049148 0.7253522</span>
<span class="r-out co"><span class="r-pr">#&gt;</span> 162  7.092184 6.915235e-07 0.26899050 0.0020795550 0.0014934984 0.7274358</span>
<span class="r-out co"><span class="r-pr">#&gt;</span> 163  7.130261 6.408176e-07 0.26694991 0.0020637793 0.0014821686 0.7295035</span>
<span class="r-out co"><span class="r-pr">#&gt;</span> 164  7.168337 5.938296e-07 0.26492479 0.0020481232 0.0014709247 0.7315556</span>
<span class="r-out co"><span class="r-pr">#&gt;</span> 165  7.206413 5.502871e-07 0.26291503 0.0020325859 0.0014597660 0.7335921</span>
<span class="r-out co"><span class="r-pr">#&gt;</span> 166  7.244489 5.099374e-07 0.26092052 0.0020171664 0.0014486921 0.7356131</span>
<span class="r-out co"><span class="r-pr">#&gt;</span> 167  7.282565 4.725462e-07 0.25894113 0.0020018639 0.0014377021 0.7376188</span>
<span class="r-out co"><span class="r-pr">#&gt;</span> 168  7.320641 4.378968e-07 0.25697676 0.0019866774 0.0014267954 0.7396093</span>
<span class="r-out co"><span class="r-pr">#&gt;</span> 169  7.358717 4.057880e-07 0.25502729 0.0019716061 0.0014159715 0.7415847</span>
<span class="r-out co"><span class="r-pr">#&gt;</span> 170  7.396794 3.760337e-07 0.25309260 0.0019566492 0.0014052297 0.7435451</span>
<span class="r-out co"><span class="r-pr">#&gt;</span> 171  7.434870 3.484610e-07 0.25117259 0.0019418056 0.0013945694 0.7454907</span>
<span class="r-out co"><span class="r-pr">#&gt;</span> 172  7.472946 3.229101e-07 0.24926714 0.0019270747 0.0013839899 0.7474215</span>
<span class="r-out co"><span class="r-pr">#&gt;</span> 173  7.511022 2.992328e-07 0.24737615 0.0019124555 0.0013734907 0.7493376</span>
<span class="r-out co"><span class="r-pr">#&gt;</span> 174  7.549098 2.772915e-07 0.24549950 0.0018979472 0.0013630711 0.7512392</span>
<span class="r-out co"><span class="r-pr">#&gt;</span> 175  7.587174 2.569592e-07 0.24363708 0.0018835490 0.0013527305 0.7531264</span>
<span class="r-out co"><span class="r-pr">#&gt;</span> 176  7.625251 2.381176e-07 0.24178880 0.0018692600 0.0013424684 0.7549992</span>
<span class="r-out co"><span class="r-pr">#&gt;</span> 177  7.663327 2.206577e-07 0.23995453 0.0018550793 0.0013322842 0.7568579</span>
<span class="r-out co"><span class="r-pr">#&gt;</span> 178  7.701403 2.044780e-07 0.23813418 0.0018410063 0.0013221771 0.7587024</span>
<span class="r-out co"><span class="r-pr">#&gt;</span> 179  7.739479 1.894846e-07 0.23632763 0.0018270399 0.0013121468 0.7605330</span>
<span class="r-out co"><span class="r-pr">#&gt;</span> 180  7.777555 1.755907e-07 0.23453479 0.0018131796 0.0013021925 0.7623497</span>
<span class="r-out co"><span class="r-pr">#&gt;</span> 181  7.815631 1.627155e-07 0.23275555 0.0017994243 0.0012923138 0.7641525</span>
<span class="r-out co"><span class="r-pr">#&gt;</span> 182  7.853707 1.507844e-07 0.23098981 0.0017857734 0.0012825100 0.7659418</span>
<span class="r-out co"><span class="r-pr">#&gt;</span> 183  7.891784 1.397281e-07 0.22923746 0.0017722261 0.0012727805 0.7677174</span>
<span class="r-out co"><span class="r-pr">#&gt;</span> 184  7.929860 1.294826e-07 0.22749840 0.0017587815 0.0012631249 0.7694796</span>
<span class="r-out co"><span class="r-pr">#&gt;</span> 185  7.967936 1.199883e-07 0.22577254 0.0017454390 0.0012535425 0.7712284</span>
<span class="r-out co"><span class="r-pr">#&gt;</span> 186  8.006012 1.111901e-07 0.22405977 0.0017321976 0.0012440328 0.7729639</span>
<span class="r-out co"><span class="r-pr">#&gt;</span> 187  8.044088 1.030371e-07 0.22235999 0.0017190567 0.0012345952 0.7746863</span>
<span class="r-out co"><span class="r-pr">#&gt;</span> 188  8.082164 9.548195e-08 0.22067311 0.0017060154 0.0012252292 0.7763956</span>
<span class="r-out co"><span class="r-pr">#&gt;</span> 189  8.120240 8.848074e-08 0.21899902 0.0016930731 0.0012159343 0.7780919</span>
<span class="r-out co"><span class="r-pr">#&gt;</span> 190  8.158317 8.199289e-08 0.21733763 0.0016802290 0.0012067099 0.7797753</span>
<span class="r-out co"><span class="r-pr">#&gt;</span> 191  8.196393 7.598077e-08 0.21568885 0.0016674823 0.0011975555 0.7814460</span>
<span class="r-out co"><span class="r-pr">#&gt;</span> 192  8.234469 7.040948e-08 0.21405257 0.0016548324 0.0011884705 0.7831041</span>
<span class="r-out co"><span class="r-pr">#&gt;</span> 193  8.272545 6.524671e-08 0.21242871 0.0016422783 0.0011794544 0.7847495</span>
<span class="r-out co"><span class="r-pr">#&gt;</span> 194  8.310621 6.046250e-08 0.21081716 0.0016298195 0.0011705067 0.7863825</span>
<span class="r-out co"><span class="r-pr">#&gt;</span> 195  8.348697 5.602909e-08 0.20921784 0.0016174553 0.0011616269 0.7880030</span>
<span class="r-out co"><span class="r-pr">#&gt;</span> 196  8.386774 5.192076e-08 0.20763066 0.0016051848 0.0011528145 0.7896113</span>
<span class="r-out co"><span class="r-pr">#&gt;</span> 197  8.424850 4.811367e-08 0.20605551 0.0015930074 0.0011440689 0.7912074</span>
<span class="r-out co"><span class="r-pr">#&gt;</span> 198  8.462926 4.458574e-08 0.20449231 0.0015809224 0.0011353897 0.7927913</span>
<span class="r-out co"><span class="r-pr">#&gt;</span> 199  8.501002 4.131650e-08 0.20294097 0.0015689290 0.0011267763 0.7943633</span>
<span class="r-out co"><span class="r-pr">#&gt;</span> 200  8.539078 3.828697e-08 0.20140140 0.0015570267 0.0011182282 0.7959233</span>
<span class="r-out co"><span class="r-pr">#&gt;</span> 201  8.577154 3.547958e-08 0.19987351 0.0015452146 0.0011097450 0.7974715</span>
<span class="r-out co"><span class="r-pr">#&gt;</span> 202  8.615230 3.287804e-08 0.19835721 0.0015334922 0.0011013262 0.7990079</span>
<span class="r-out co"><span class="r-pr">#&gt;</span> 203  8.653307 3.046726e-08 0.19685242 0.0015218586 0.0010929712 0.8005327</span>
<span class="r-out co"><span class="r-pr">#&gt;</span> 204  8.691383 2.823325e-08 0.19535904 0.0015103134 0.0010846796 0.8020459</span>
<span class="r-out co"><span class="r-pr">#&gt;</span> 205  8.729459 2.616305e-08 0.19387699 0.0014988557 0.0010764509 0.8035477</span>
<span class="r-out co"><span class="r-pr">#&gt;</span> 206  8.767535 2.424464e-08 0.19240618 0.0014874849 0.0010682846 0.8050380</span>
<span class="r-out co"><span class="r-pr">#&gt;</span> 207  8.805611 2.246691e-08 0.19094653 0.0014762004 0.0010601803 0.8065171</span>
<span class="r-out co"><span class="r-pr">#&gt;</span> 208  8.843687 2.081952e-08 0.18949795 0.0014650015 0.0010521374 0.8079849</span>
<span class="r-out co"><span class="r-pr">#&gt;</span> 209  8.881764 1.929293e-08 0.18806036 0.0014538876 0.0010441556 0.8094416</span>
<span class="r-out co"><span class="r-pr">#&gt;</span> 210  8.919840 1.787828e-08 0.18663368 0.0014428580 0.0010362343 0.8108872</span>
